Bemessungsniederschlag h mit MaxMod- und ÖKOSTRA- Niederschlag [mm]
Gitterpunkt: 2424 (M31, R: 108023m, H: 5360606m)
T: Jährlichkeit
DAUER        DAUERMIN       TYP      1T      2T      3T      5T     10T     20T     25T     30T     50T     75T    100T
-----------------------------------------------------------------------------------------------------------------------
 5 Minuten   5          MaxModN     8.5    10.8    12.1    13.8    16.1    18.4    19.1    19.7    21.4    22.7    23.7
 5 Minuten   5        Bemessung     7.4     9.2    10.3    11.6    13.5    15.4    16.0    16.4    17.8    18.9    19.7
 5 Minuten   5          ÖKOSTRA     6.0     7.2     7.9     8.9    10.2    11.6    12.0    12.3    13.3    14.1    14.7

10 Minuten   10         MaxModN    10.8    15.9    18.8    22.5    27.6    32.6    34.3    35.6    39.3    42.3    44.4
10 Minuten   10       Bemessung     9.5    13.1    15.3    18.0    21.8    25.4    26.7    27.7    30.4    32.6    34.2
10 Minuten   10         ÖKOSTRA     8.0    10.1    11.4    13.1    15.4    17.6    18.4    19.0    20.7    22.0    23.0

15 Minuten   15         MaxModN    12.6    19.5    23.5    28.5    35.4    42.2    44.4    46.2    51.3    55.3    58.1
15 Minuten   15       Bemessung    10.9    15.8    18.6    22.1    27.0    31.8    33.3    34.6    38.3    41.0    43.1
15 Minuten   15         ÖKOSTRA     9.3    12.1    13.8    15.8    18.6    21.5    22.3    23.1    25.3    26.8    28.1

20 Minuten   20         MaxModN    13.9    21.8    26.5    32.4    40.4    48.3    50.9    53.0    58.9    63.5    66.9
20 Minuten   20       Bemessung    12.1    17.6    20.8    24.9    30.3    35.9    37.6    39.1    43.2    46.3    48.7
20 Minuten   20         ÖKOSTRA    10.4    13.6    15.5    17.8    20.9    24.2    25.2    26.0    28.4    30.2    31.6

30 Minuten   30         MaxModN    16.0    25.6    31.3    38.4    48.1    57.7    60.8    63.4    70.5    76.1    80.1
30 Minuten   30       Bemessung    13.9    20.3    24.1    28.9    35.3    41.7    43.8    45.5    50.3    54.0    56.7
30 Minuten   30         ÖKOSTRA    12.1    15.8    17.9    20.7    24.3    28.0    29.2    30.2    33.0    35.1    36.7

45 Minuten   45         MaxModN    18.4    29.7    36.3    44.6    55.9    67.2    70.8    73.8    82.1    88.7    93.4
45 Minuten   45       Bemessung    16.0    23.3    27.6    32.9    40.2    47.5    49.9    51.8    57.1    61.4    64.4
45 Minuten   45         ÖKOSTRA    14.1    18.3    20.7    23.7    27.9    32.0    33.5    34.5    37.5    40.0    41.7

60 Minuten   60         MaxModN    20.3    32.7    40.0    49.2    61.6    74.1    78.1    81.4    90.6    97.9   103.0
60 Minuten   60       Bemessung    17.6    25.4    30.0    35.9    43.6    51.6    54.0    56.1    61.9    66.6    69.8
60 Minuten   60         ÖKOSTRA    15.7    20.1    22.7    26.1    30.4    35.1    36.3    37.6    40.9    43.7    45.4

90 Minuten   90         MaxModN    23.3    37.4    45.6    56.0    70.1    84.2    88.7    92.5   102.8   111.1   116.9
90 Minuten   90       Bemessung    20.2    28.8    33.7    40.1    48.7    57.3    60.1    62.3    68.7    73.8    77.2
90 Minuten   90         ÖKOSTRA    18.2    23.0    25.8    29.5    34.3    39.3    40.9    42.1    45.8    48.9    50.7

 2 Stunden   120        MaxModN    25.5    40.9    49.9    61.3    76.7    92.1    97.1   101.1   112.5   121.5   127.9
 2 Stunden   120      Bemessung    22.2    31.2    36.6    43.3    52.5    61.6    64.6    67.0    73.8    79.1    83.0
 2 Stunden   120        ÖKOSTRA    20.2    25.1    28.2    32.1    37.3    42.5    44.3    45.6    49.5    52.6    54.8

 3 Stunden   180        MaxModN    29.2    46.9    57.3    70.4    88.1   105.9   111.6   116.3   129.3   139.7   147.1
 3 Stunden   180      Bemessung    25.4    35.3    41.2    48.6    58.8    68.8    72.2    74.8    82.2    88.1    92.5
 3 Stunden   180        ÖKOSTRA    23.2    28.6    32.0    36.1    42.0    47.5    49.6    51.1    55.3    58.5    61.2

 4 Stunden   240        MaxModN    31.7    51.1    62.5    76.8    96.2   115.6   121.9   127.0   141.3   152.7   160.7
 4 Stunden   240      Bemessung    27.8    38.5    44.8    52.7    63.6    74.6    78.0    81.0    89.0    95.3    99.8
 4 Stunden   240        ÖKOSTRA    25.7    31.5    35.0    39.4    45.5    51.8    53.6    55.4    60.0    63.4    66.0

 6 Stunden   360        MaxModN    37.1    56.7    68.2    82.7   102.4   122.0   128.3   133.5   148.0   159.5   167.7
 6 Stunden   360      Bemessung    32.5    43.9    50.7    59.1    70.9    82.4    86.1    89.2    97.8   104.5   109.5
 6 Stunden   360        ÖKOSTRA    29.7    35.9    39.8    44.5    51.3    57.8    60.0    61.7    66.7    70.4    73.4

 9 Stunden   540        MaxModN    42.4    62.2    73.8    88.5   108.0   127.5   133.8   138.9   153.3   164.7   172.9
 9 Stunden   540      Bemessung    38.0    50.4    57.8    67.3    79.7    92.3    96.4    99.7   109.1   116.4   121.6
 9 Stunden   540        ÖKOSTRA    34.5    41.2    45.4    50.8    57.8    65.0    67.4    69.2    74.8    78.8    81.7

12 Stunden   720        MaxModN    46.0    66.0    77.7    92.5   112.0   130.9   137.1   142.2   156.2   167.3   175.3
12 Stunden   720      Bemessung    41.6    55.0    63.0    73.1    86.6    99.7   104.0   107.5   117.2   124.9   130.6
12 Stunden   720        ÖKOSTRA    37.5    44.9    49.4    55.2    63.1    70.7    73.4    75.4    81.1    85.7    89.2

18 Stunden   1080       MaxModN    51.9    70.9    82.7    97.5   117.6   137.6   144.1   149.4   164.2   176.0   184.4
18 Stunden   1080     Bemessung    46.8    60.9    69.9    81.0    96.1   111.2   116.2   120.0   131.2   140.3   146.4
18 Stunden   1080       ÖKOSTRA    41.7    51.0    57.1    64.6    74.8    84.9    88.5    90.8    98.3   104.8   108.6

 1 Tag       1440       MaxModN    54.8    74.1    85.9   100.8   120.9   140.9   147.2   151.9   166.3   178.5   187.2
 1 Tag       1440     Bemessung    49.0    63.4    72.4    83.7    98.9   114.2   119.1   122.7   133.7   143.1   149.5
 1 Tag       1440       ÖKOSTRA    43.3    52.8    59.0    66.6    77.0    87.5    91.1    93.5   101.2   107.8   111.8

 2 Tage      2880       MaxModN    64.0    83.2    95.1   110.3   132.0   153.1   159.7   164.7   180.0   193.0   202.2
 2 Tage      2880     Bemessung    57.8    73.3    82.8    94.9   111.9   128.6   133.9   137.8   150.0   160.3   167.6
 2 Tage      2880       ÖKOSTRA    51.6    63.5    70.6    79.6    91.9   104.2   108.2   111.0   120.0   127.7   133.1

 3 Tage      4320       MaxModN    69.6    88.6   100.7   116.1   138.1   159.7   166.4   171.5   186.9   200.1   209.5
 3 Tage      4320     Bemessung    63.9    80.1    90.1   102.8   120.6   138.2   143.6   147.8   160.5   171.3   178.8
 3 Tage      4320       ÖKOSTRA    58.2    71.6    79.5    89.5   103.1   116.7   120.8   124.2   134.2   142.6   148.1

 4 Tage      5760       MaxModN    75.8    92.6   104.7   120.1   142.3   164.2   171.0   176.1   191.8   205.1   214.5
 4 Tage      5760     Bemessung    69.8    85.3    95.6   108.5   127.1   145.2   150.8   155.3   168.4   179.3   187.2
 4 Tage      5760       ÖKOSTRA    63.9    77.9    86.5    97.0   111.9   126.2   130.6   134.5   144.9   153.5   159.8

 5 Tage      7200       MaxModN    81.4    99.0   109.6   123.3   145.7   167.7   174.6   179.7   195.5   209.0   218.4
 5 Tage      7200     Bemessung    75.1    91.3   101.0   113.3   132.2   150.8   156.6   161.2   174.8   186.1   193.9
 5 Tage      7200       ÖKOSTRA    68.8    83.6    92.4   103.3   118.7   134.0   138.7   142.7   154.0   163.1   169.3

 6 Tage      8640       MaxModN    85.8   104.7   115.7   129.4   148.8   170.7   177.6   182.7   198.6   212.1   221.6
 6 Tage      8640     Bemessung    79.3    96.6   106.8   119.5   136.7   155.6   161.6   166.1   179.9   191.5   199.6
 6 Tage      8640       ÖKOSTRA    72.7    88.5    98.0   109.6   124.5   140.6   145.7   149.6   161.3   170.9   177.6
